<?xml version="1.0" encoding="UTF-8" standalone="no"?>
<!-- Created with Inkscape (http://www.inkscape.org/) -->

<svg
   width="500px"
   height="200px"
   viewBox="0 0 500 200"
   version="1.1"
   id="SVGRoot"
   sodipodi:docname=".svg"
   inkscape:version="1.2 (dc2aeda, 2022-05-15)"
   xmlns:inkscape="http://www.inkscape.org/namespaces/inkscape"
   xmlns:sodipodi="http://sodipodi.sourceforge.net/DTD/sodipodi-0.dtd"
   xmlns="http://www.w3.org/2000/svg"
   xmlns:svg="http://www.w3.org/2000/svg">
  <sodipodi:namedview
     id="namedview1349"
     pagecolor="#ffffff"
     bordercolor="#000000"
     borderopacity="0.25"
     inkscape:showpageshadow="2"
     inkscape:pageopacity="0.0"
     inkscape:pagecheckerboard="0"
     inkscape:deskcolor="#d1d1d1"
     inkscape:document-units="px"
     showgrid="false"
     inkscape:zoom="0.66170234"
     inkscape:cx="284.11566"
     inkscape:cy="61.205768"
     inkscape:window-width="1360"
     inkscape:window-height="675"
     inkscape:window-x="0"
     inkscape:window-y="25"
     inkscape:window-maximized="0"
     inkscape:current-layer="layer1" />
  <defs
     id="defs1344" />
  <g
     inkscape:label="Warstwa 1"
     inkscape:groupmode="layer"
     id="layer1">
    <g
       id="g1080"
       transform="translate(4.0374217,-116.90085)">
	<path
   class="st0"
   d="m 179.7,309.9 c -0.5,0 -1,-0.1 -1.4,-0.3 -0.4,-0.2 -0.8,-0.5 -1,-0.8 -0.2,-0.3 -0.4,-0.8 -0.4,-1.3 h 0.7 c 0,0.4 0.1,0.7 0.3,1 0.2,0.3 0.4,0.4 0.8,0.6 0.3,0.1 0.7,0.2 1,0.2 0.4,0 0.8,-0.1 1.1,-0.2 0.3,-0.1 0.5,-0.3 0.7,-0.5 0.2,-0.2 0.2,-0.5 0.2,-0.7 0,-0.4 -0.1,-0.7 -0.3,-0.9 -0.2,-0.2 -0.5,-0.4 -1,-0.5 l -1.3,-0.4 c -0.7,-0.2 -1.2,-0.5 -1.5,-0.8 -0.3,-0.3 -0.5,-0.7 -0.5,-1.2 0,-0.6 0.2,-1.1 0.7,-1.4 0.4,-0.4 1.1,-0.6 1.9,-0.6 0.7,0 1.3,0.2 1.8,0.5 0.4,0.3 0.7,0.8 0.7,1.3 h -0.7 c -0.1,-0.4 -0.2,-0.7 -0.5,-0.9 -0.3,-0.2 -0.7,-0.3 -1.2,-0.3 -0.6,0 -1,0.1 -1.3,0.4 -0.3,0.3 -0.5,0.6 -0.5,1 0,0.3 0.1,0.6 0.3,0.8 0.2,0.2 0.5,0.3 0.9,0.5 l 1.5,0.5 c 0.5,0.2 1,0.4 1.3,0.7 0.3,0.3 0.5,0.8 0.5,1.3 0,0.4 -0.1,0.7 -0.3,1.1 -0.2,0.3 -0.5,0.6 -0.9,0.8 -0.5,0 -1,0.1 -1.6,0.1 z"
   id="path1048"
   style="fill:#000000" />

	<path
   class="st0"
   d="m 185,309.7 2.7,-7.7 h 0.9 l 2.6,7.7 h -0.8 l -0.7,-2.1 h -3.2 l -0.7,2.1 z m 1.7,-2.7 h 2.8 l -1.4,-4.1 z"
   id="path1050"
   style="fill:#000000" />

	<path
   class="st0"
   d="m 194.8,302 v 7.1 h 3.6 v 0.6 H 194 V 302 Z"
   id="path1052"
   style="fill:#000000" />

	<path
   class="st0"
   d="m 203.6,309.9 c -0.6,0 -1.2,-0.1 -1.7,-0.4 -0.5,-0.3 -0.9,-0.7 -1.2,-1.3 -0.3,-0.6 -0.4,-1.3 -0.4,-2.2 0,-0.9 0.1,-1.6 0.4,-2.2 0.3,-0.6 0.7,-1 1.2,-1.3 0.5,-0.3 1,-0.4 1.7,-0.4 0.6,0 1.2,0.1 1.7,0.4 0.5,0.3 0.9,0.7 1.2,1.3 0.3,0.6 0.4,1.3 0.4,2.2 0,0.9 -0.1,1.6 -0.4,2.2 -0.3,0.6 -0.7,1 -1.2,1.3 -0.6,0.2 -1.1,0.4 -1.7,0.4 z m 0,-0.7 c 0.8,0 1.4,-0.3 1.8,-0.8 0.4,-0.6 0.7,-1.4 0.7,-2.5 0,-1.1 -0.2,-1.9 -0.7,-2.5 -0.4,-0.6 -1.1,-0.9 -1.8,-0.9 -0.8,0 -1.4,0.3 -1.8,0.9 -0.4,0.6 -0.7,1.4 -0.7,2.5 0,1.1 0.2,1.9 0.7,2.5 0.4,0.5 1,0.8 1.8,0.8 z"
   id="path1054"
   style="fill:#000000" />

	<path
   class="st0"
   d="m 210,302 h 0.9 l 4.1,6.8 v 0 -6.8 h 0.7 v 7.7 h -0.9 l -4.2,-6.9 h 0.1 v 6.9 H 210 Z"
   id="path1056"
   style="fill:#000000" />

	<path
   class="st0"
   d="m 223.7,302 h 0.7 v 7.7 h -0.7 z m 4.4,0 h 1 l -4.8,5 v -1 z m -2.4,3.3 3.7,4.4 h -1 l -3.3,-3.9 z"
   id="path1058"
   style="fill:#000000" />

	<path
   class="st0"
   d="m 234.9,309.9 c -0.6,0 -1.2,-0.1 -1.7,-0.4 -0.5,-0.3 -0.9,-0.7 -1.2,-1.3 -0.3,-0.6 -0.4,-1.3 -0.4,-2.2 0,-0.9 0.1,-1.6 0.4,-2.2 0.3,-0.6 0.7,-1 1.2,-1.3 0.5,-0.3 1,-0.4 1.7,-0.4 0.6,0 1.2,0.1 1.7,0.4 0.5,0.3 0.9,0.7 1.2,1.3 0.3,0.6 0.4,1.3 0.4,2.2 0,0.9 -0.1,1.6 -0.4,2.2 -0.3,0.6 -0.7,1 -1.2,1.3 -0.6,0.2 -1.1,0.4 -1.7,0.4 z m 0,-0.7 c 0.8,0 1.4,-0.3 1.8,-0.8 0.4,-0.6 0.7,-1.4 0.7,-2.5 0,-1.1 -0.2,-1.9 -0.7,-2.5 -0.4,-0.6 -1.1,-0.9 -1.8,-0.9 -0.8,0 -1.4,0.3 -1.8,0.9 -0.4,0.6 -0.7,1.4 -0.7,2.5 0,1.1 0.2,1.9 0.7,2.5 0.4,0.5 1,0.8 1.8,0.8 z"
   id="path1060"
   style="fill:#000000" />

	<path
   class="st0"
   d="m 243.7,309.9 c -0.5,0 -1,-0.1 -1.4,-0.3 -0.4,-0.2 -0.8,-0.5 -1,-0.8 -0.2,-0.3 -0.4,-0.8 -0.4,-1.3 h 0.7 c 0,0.4 0.1,0.7 0.3,1 0.2,0.3 0.4,0.4 0.8,0.6 0.3,0.1 0.7,0.2 1,0.2 0.4,0 0.8,-0.1 1.1,-0.2 0.3,-0.1 0.5,-0.3 0.7,-0.5 0.2,-0.2 0.2,-0.5 0.2,-0.7 0,-0.4 -0.1,-0.7 -0.3,-0.9 -0.2,-0.2 -0.5,-0.4 -1,-0.5 l -1.3,-0.4 c -0.7,-0.2 -1.2,-0.5 -1.5,-0.8 -0.3,-0.3 -0.5,-0.7 -0.5,-1.2 0,-0.6 0.2,-1.1 0.7,-1.4 0.4,-0.4 1.1,-0.6 1.9,-0.6 0.7,0 1.3,0.2 1.8,0.5 0.4,0.3 0.7,0.8 0.7,1.3 h -0.7 c -0.1,-0.4 -0.2,-0.7 -0.5,-0.9 -0.3,-0.2 -0.7,-0.3 -1.2,-0.3 -0.6,0 -1,0.1 -1.3,0.4 -0.3,0.3 -0.5,0.6 -0.5,1 0,0.3 0.1,0.6 0.3,0.8 0.2,0.2 0.5,0.3 0.9,0.5 l 1.5,0.5 c 0.5,0.2 1,0.4 1.3,0.7 0.3,0.3 0.5,0.8 0.5,1.3 0,0.4 -0.1,0.7 -0.3,1.1 -0.2,0.3 -0.5,0.6 -0.9,0.8 -0.5,0 -1,0.1 -1.6,0.1 z"
   id="path1062"
   style="fill:#000000" />

	<path
   class="st0"
   d="m 249.9,302 h 1 l 2.9,5.6 h -0.1 l 2.9,-5.6 h 1 v 7.7 h -0.7 v -7 h 0.2 l -3,6 h -0.5 l -3,-6 h 0.1 v 7 H 250 V 302 Z"
   id="path1064"
   style="fill:#000000" />

	<path
   class="st0"
   d="M 261.5,309.7 V 302 h 4.6 v 0.6 h -3.9 v 2.9 h 3.7 v 0.6 h -3.7 v 3 h 3.9 v 0.6 z"
   id="path1066"
   style="fill:#000000" />

	<path
   class="st0"
   d="M 268.4,302.7 V 302 h 5.9 v 0.6 h -2.8 l 0.2,-0.2 v 7.3 H 271 v -7.3 l 0.2,0.2 h -2.8 z"
   id="path1068"
   style="fill:#000000" />

	<path
   class="st0"
   d="m 275.8,302 h 0.9 l 2.4,4 h -0.2 l 2.4,-4 h 0.9 l -2.8,4.5 v 3.2 h -0.7 v -3.2 z"
   id="path1070"
   style="fill:#000000" />

	<path
   class="st0"
   d="m 287.3,309.9 c -0.7,0 -1.3,-0.2 -1.7,-0.5 -0.5,-0.4 -0.9,-0.8 -1.1,-1.4 -0.3,-0.6 -0.4,-1.3 -0.4,-2.1 0,-0.8 0.1,-1.6 0.4,-2.1 0.3,-0.6 0.7,-1 1.2,-1.3 0.5,-0.3 1,-0.4 1.6,-0.4 0.8,0 1.4,0.2 1.9,0.6 0.5,0.4 0.9,0.9 1.1,1.6 l -0.8,0.2 c -0.2,-0.5 -0.5,-0.9 -0.9,-1.2 -0.4,-0.3 -0.8,-0.5 -1.4,-0.5 -0.4,0 -0.8,0.1 -1.2,0.4 -0.4,0.2 -0.7,0.6 -0.9,1.1 -0.2,0.5 -0.3,1.1 -0.3,1.8 0,0.6 0.1,1.2 0.3,1.7 0.2,0.5 0.4,0.9 0.8,1.2 0.4,0.3 0.8,0.5 1.4,0.5 0.7,0 1.2,-0.2 1.6,-0.5 0.4,-0.4 0.6,-0.8 0.6,-1.4 h 0.8 c 0,0.5 -0.1,1 -0.4,1.4 -0.3,0.4 -0.6,0.7 -1.1,0.9 -0.4,-0.1 -0.9,0 -1.5,0 z"
   id="path1072"
   style="fill:#000000" />

	<path
   class="st0"
   d="M 293.1,309.7 V 309 l 4.9,-6.6 v 0.3 l -4.9,-0.1 V 302 h 5.6 v 0.7 l -4.8,6.5 -0.1,-0.1 h 4.9 v 0.7 h -5.6 z"
   id="path1074"
   style="fill:#000000" />

	<path
   class="st0"
   d="m 301.9,302 h 0.9 l 4.1,6.8 h -0.1 V 302 h 0.7 v 7.7 h -0.9 l -4.2,-6.9 h 0.1 v 6.9 h -0.7 V 302 Z"
   id="path1076"
   style="fill:#000000" />

	<path
   class="st0"
   d="m 310.3,302 h 0.9 l 2.4,4 h -0.2 l 2.4,-4 h 0.9 l -2.8,4.5 v 3.2 h -0.7 v -3.2 z"
   id="path1078"
   style="fill:#000000" />

</g>
    <path
       class="st0"
       d="m 306.13742,29.499154 c -2.4,0 -5.1,0.8 -8,2.4 -0.6,0 -2.5,0 -5.6,0.1 -3.1,0 -5.3,0.1 -6.5,0.1 -1.2,0.1 -3,0.2 -5.3,0.5 -2.3,0.2 -4.3,0.6 -6.2,1.1 -1.8,0.5 -3.7,1.1 -5.4,1.9 0.7,-1.3 1.5,-2.7 2.3,-4 1.1,-1.8 2.3,-3.7 3.5,-5.5 5,-7.7 11.9,-14.6 20.3,-19.1000005 2.6,-0.1 4.7,-0.3 6.4,-0.7 1.9,-0.4 2.9,-0.9 2.9,-1.5 0,-0.5 -0.6,-0.7 -1.8,-0.7 -2.4,0 -5.1,0.8 -8,2.4 -0.6,0 -2.5,0 -5.6,0.1 -3.1,0 -5.3,0.1 -6.5,0.1 -1.2,0.1 -3,0.2 -5.3,0.5 -2.3,0.2 -4.3,0.6 -6.2,1.1 -5.2,1.4 -10.1,3.9000005 -14.4,7.4000005 -4.2,3.5 -7,8.3 -7,13.5 0,2.5 0.8,4.6 2.2,6.3 1.5,1.6 3.4,2.4 5.7,2.5 v -0.2 c -4.2,-0.1 -6.8,-3 -6.8,-7 0.1,-6.1 4.5,-11.3 10.1,-14.8 3.8,-2.6 7.3,-4.1 10.8,-5.3 3.9,-1.3000005 7.4,-2.2000005 10.5,-2.6000005 3.1,-0.4 6.9,-0.7 11.4,-0.9 -3.8,2.2 -7.7,5.1000005 -11.7,8.9000005 -3.9,3.7 -7.6,7.6 -10.9,11.8 -1.6,2 -3.2,4 -4.6,5.9 -1.6,2 -3.1,4.1 -4.5,6 -0.6,0.5 -1.3,0.9 -1.9,1.5 -3.4,2.8 -5.9,6.5 -6.7,10.6 -0.2,0.9 -0.3,1.9 -0.3,2.9 0,2.1 0.6,4 1.6,5.5 0.2,0.3 0.4,0.5 0.6,0.8 1.5,1.6 3.4,2.4 5.7,2.5 v -0.2 c -2.8,0 -4.9,-1.4 -5.9,-3.4 -0.6,-1 -0.8,-2.3 -0.8,-3.6 0.1,-6.1 4.5,-11.3 10.1,-14.8 0.8,-0.6 1.6,-1.1 2.4,-1.5 2.9,-1.7 5.6,-2.8 8.4,-3.7 3.9,-1.3 7.4,-2.2 10.5,-2.6 3.1,-0.4 6.9,-0.7 11.4,-0.9 -3.8,2.2 -7.7,5.2 -11.7,8.9 -3.9,3.7 -7.6,7.6 -10.9,11.8 -3.3,4.2 -6.4,8.2 -9.2,12.1 -2.7,3.8 -5.5,7.7 -8.2,11.6 -2.7,3.8 -4.7,6.6 -6.1,8.3 -1.4,1.7 -2.7,3.2 -3.9,4.5 -1.2,1.3 -2.6,2.8 -4.5,4.4 -1.8,1.7 -3.5,3 -5.1,4.2 -3.2,2.199996 -7.5,3.899996 -11.2,3.899996 -4.8,0 -8.6,-1.7 -11.6,-4.999996 -2.6,-3 -4,-6.7 -4,-11 0,-4.1 1,-8 3,-11.7 0.8,0.6 1.7,1 2.6,1.4 2.3,1 4.9,1.5 7.8,1.5 11.5,0 21.7,-6.1 29.3,-15.4 -1.5,-1.8 -2.4,-4 -2.6,-6.5 -0.5,0.7 -1.4,1.9 -1.9,2.4 -0.5,0.7 -1,1.3 -1.4,1.8 -0.1,0.2 -0.3,0.4 -0.4,0.5 -3.3,-2.1 -7.1,-3.2 -11.2,-3.2 -4.7,0 -9.1,1.4 -13.2,4.3 -4,2.8 -7.2,6.4 -9.5,10.7 -0.2,0.3 -0.4,0.7 -0.5,1 -0.5,-0.4 -1,-0.9 -1.4,-1.4 -0.2,-0.3 -0.5,-0.6 -0.7,-0.9 -2.2,-2.8 -3.3,-6.2 -3.3,-10.1 0,-4.9 1.4,-9.4 4.3,-13.6 2.9,-4.3 6.5,-7.6 10.9,-10 4.4,-2.4 9,-3.6 13.6,-3.6 2.7,0 5.6,0.6 8.5,1.9 -3.6,-2.5 -7.6,-3.7 -12.1,-3.7 -4.7,0 -9.1,1.4 -13.2,4.3 -4.1,2.8 -7.2,6.4 -9.5,10.7 -2.2,4.3 -3.3,8.7 -3.3,13.1 0,4.6 1.3,8.5 3.8,11.7 0.2,0.2 0.4,0.5 0.6,0.7 0.5,0.6 1,1.1 1.6,1.5 -1.8,3.8 -2.6,7.7 -2.6,11.6 0,4.9 1.5,9 4.4,12.4 3.2,3.599996 7.6,5.399996 13.3,5.399996 12.6,0 23.2,-6.699996 31.1,-17.699996 2,-2.8 4.2,-6.3 6.5,-10.5 l 6.4,-11.8 c 2,-3.6 4.2,-7.4 6.7,-11.2 5,-7.7 11.9,-14.6 20.3,-19.1 2.7,-0.1 4.8,-0.3 6.5,-0.7 1.9,-0.4 2.9,-0.9 2.9,-1.5 0,-1.2 -0.6,-1.4 -1.8,-1.4 z m -91.1,42.8 c 2.9,-4.3 6.5,-7.6 10.9,-10 4.4,-2.4 9,-3.6 13.6,-3.6 2.4,0 4.9,0.5 7.5,1.5 -0.7,0.8 -1.4,1.7 -2,2.4 -0.4,0.5 -0.8,1 -1.2,1.4 -1.2,1.3 -2.7,2.8 -4.5,4.4 -1.8,1.7 -3.5,3 -5.1,4.2 -3.2,2.2 -7.5,3.9 -11.2,3.9 -2.3,0 -4.5,-0.4 -6.4,-1.2 -0.9,-0.4 -1.8,-0.9 -2.6,-1.4 0.3,-0.5 0.7,-1 1,-1.6 z"
       id="path1082"
       style="fill:#000000" />
    <g
       id="g1108"
       transform="translate(4.0374217,-116.90085)">
	<path
   class="st0"
   d="m 72.1,251.4 c 0,0.3 -0.5,0.6 -1.5,0.8 -0.9,0.2 -2,0.3 -3.4,0.4 -4.5,2.4 -8.2,6.1 -10.8,10.2 -1.3,2 -2.5,4 -3.6,6 l -3.4,6.3 c -1.3,2.3 -2.4,4.1 -3.5,5.6 -4.2,5.9 -9.9,9.5 -16.6,9.5 -3,0 -5.4,-1 -7.1,-2.9 -1.6,-1.8 -2.4,-4 -2.4,-6.6 0,-2.4 0.6,-4.7 1.8,-7 1.2,-2.3 2.9,-4.2 5.1,-5.7 2.2,-1.5 4.5,-2.3 7.1,-2.3 2.4,0 4.6,0.7 6.5,2 -1.6,-0.7 -3.1,-1 -4.6,-1 -2.5,0 -4.9,0.6 -7.3,1.9 -2.4,1.3 -4.3,3 -5.8,5.3 -1.5,2.3 -2.3,4.7 -2.3,7.3 0,2.3 0.7,4.3 2.1,5.9 1.6,1.8 3.7,2.7 6.2,2.7 2,0 4.3,-0.9 6,-2.1 0.8,-0.6 1.8,-1.3 2.7,-2.2 1,-0.9 1.8,-1.7 2.4,-2.4 0.6,-0.7 1.3,-1.5 2.1,-2.4 0.8,-0.9 1.9,-2.4 3.3,-4.5 1.4,-2.1 2.9,-4.1 4.4,-6.2 1.5,-2.1 3.1,-4.2 4.9,-6.5 1.8,-2.2 3.7,-4.3 5.8,-6.3 2.1,-2 4.2,-3.5 6.2,-4.7 -2.4,0.1 -4.5,0.3 -6.1,0.5 -1.6,0.2 -3.5,0.7 -5.6,1.4 -1.8,0.6 -3.7,1.4 -5.8,2.8 -3,1.9 -5.4,4.6 -5.4,7.9 0,2.1 1.4,3.7 3.6,3.8 v 0.1 c -1.2,0 -2.2,-0.5 -3,-1.3 -0.8,-0.9 -1.2,-2 -1.2,-3.4 0,-2.8 1.5,-5.4 3.7,-7.2 2.3,-1.9 4.9,-3.2 7.7,-4 1,-0.3 2.1,-0.5 3.3,-0.6 1.2,-0.2 2.2,-0.2 2.8,-0.3 0.7,0 1.8,-0.1 3.5,-0.1 1.7,0 2.7,0 3,0 1.5,-0.8 3,-1.3 4.3,-1.3 0.5,0.2 0.9,0.4 0.9,0.6 z"
   id="path1084"
   style="fill:#000000" />

	<path
   class="st0"
   d="m 60.8,272 c 0,-1.7 0.3,-3.2 0.8,-4.6 0.6,-1.4 1.3,-2.7 2.3,-3.8 1,-1.1 2.1,-1.9 3.4,-2.6 1.3,-0.6 2.7,-0.9 4.2,-0.9 1.5,0 2.9,0.3 4.2,0.9 1.3,0.6 2.4,1.5 3.4,2.6 1,1.1 1.7,2.3 2.3,3.8 0.6,1.4 0.8,3 0.8,4.6 0,1.7 -0.3,3.2 -0.8,4.7 -0.6,1.5 -1.3,2.7 -2.3,3.8 -1,1.1 -2.1,1.9 -3.4,2.6 -1.3,0.6 -2.7,0.9 -4.2,0.9 -1.5,0 -2.9,-0.3 -4.2,-0.9 -1.3,-0.6 -2.4,-1.5 -3.4,-2.6 -1,-1.1 -1.7,-2.4 -2.3,-3.8 -0.5,-1.4 -0.8,-3 -0.8,-4.7 z m 10.7,11.2 c 1.2,0 2.3,-0.3 3.4,-0.9 1.1,-0.6 2,-1.4 2.8,-2.4 0.8,-1 1.4,-2.2 1.9,-3.6 0.5,-1.4 0.7,-2.8 0.7,-4.4 0,-1.5 -0.2,-3 -0.7,-4.3 -0.5,-1.3 -1.1,-2.5 -1.9,-3.5 -0.8,-1 -1.7,-1.8 -2.8,-2.4 -1.1,-0.6 -2.2,-0.9 -3.4,-0.9 -1.2,0 -2.3,0.3 -3.4,0.9 -1.1,0.6 -2,1.4 -2.8,2.4 -0.8,1 -1.4,2.2 -1.9,3.5 -0.5,1.3 -0.7,2.8 -0.7,4.3 0,1.5 0.2,3 0.7,4.4 0.5,1.4 1.1,2.6 1.9,3.6 0.8,1 1.7,1.8 2.8,2.4 1,0.6 2.2,0.9 3.4,0.9 z"
   id="path1086"
   style="fill:#000000" />

	<path
   class="st0"
   d="m 107.3,260.3 h 2.6 l 15.5,20 v -17.7 c -0.1,-0.7 -0.3,-1.2 -0.6,-1.6 -0.3,-0.4 -0.8,-0.7 -1.3,-0.7 v 0 h 4.5 v 0 c -0.5,0 -1,0.2 -1.3,0.7 -0.4,0.5 -0.5,1.1 -0.5,1.7 v 20.7 h -0.7 L 110,263.3 V 281 c 0,0.7 0.2,1.3 0.6,1.7 0.4,0.5 0.8,0.7 1.3,0.8 v 0 h -4.5 v 0 c 0.5,0 0.9,-0.3 1.3,-0.7 0.3,-0.4 0.5,-1 0.6,-1.6 v -18.5 c 0,-0.7 -0.2,-1.2 -0.6,-1.6 -0.5,-0.5 -0.9,-0.7 -1.4,-0.8 z"
   id="path1088"
   style="fill:#000000" />

	<path
   class="st0"
   d="m 132.8,260.3 h 2.6 l 15.5,20 v -17.7 c -0.1,-0.7 -0.3,-1.2 -0.6,-1.6 -0.3,-0.4 -0.8,-0.7 -1.3,-0.7 v 0 h 4.5 v 0 c -0.5,0 -1,0.2 -1.3,0.7 -0.4,0.5 -0.5,1.1 -0.5,1.7 v 20.7 H 151 L 135.5,263.3 V 281 c 0,0.7 0.2,1.3 0.6,1.7 0.4,0.5 0.8,0.7 1.3,0.8 v 0 h -4.5 v 0 c 0.5,0 0.9,-0.3 1.3,-0.7 0.3,-0.4 0.5,-1 0.6,-1.6 v -18.5 c 0,-0.7 -0.2,-1.2 -0.6,-1.6 -0.5,-0.5 -0.9,-0.7 -1.4,-0.8 z"
   id="path1090"
   style="fill:#000000" />

	<g
   id="g1098">
		<path
   class="st0"
   d="m 90.7,269.3 c -0.3,0.7 -0.5,1.3 -0.6,1.9 l 1.8,-5.1 z"
   id="path1092"
   style="fill:#000000" />

		<path
   class="st0"
   d="m 87.7,283 c 0,0 0.7,0.7 1.2,0.7 h -4.7 c 0,0 0.6,0 1.3,-1.3 0.2,-0.3 1.3,-3 1.3,-3 0.7,-1.7 1.6,-3.8 2.4,-5.9 h 0.1 c -0.5,1.2 -0.8,2.4 -1.2,3.6 -0.5,1.8 -0.8,3.3 -0.8,4.5 0,0 0,0 0,0 v 0.1 c -0.1,0.5 0.1,0.9 0.4,1.3 z"
   id="path1094"
   style="fill:#000000" />

		<path
   class="st0"
   d="m 99.2,283 c -0.3,0.4 -0.7,0.6 -1.2,0.6 h 6 c -0.5,-0.1 -0.9,-0.3 -1.3,-0.9 -0.4,-0.5 -0.7,-1.1 -0.9,-1.7 l -7,-19.4 -0.7,-1.9 -0.7,1.9 -0.2,0.4 -0.2,0.6 -0.9,2.5 v 0 l -0.3,0.8 -1.8,5.1 c -0.4,1.5 -0.5,2.7 -0.5,3.6 0.1,0.9 0.3,1.6 0.6,2.1 0.2,0.3 0.3,0.6 0.6,0.8 0.8,0.9 1.9,1.2 2.8,1.2 1.3,0 2.4,-0.5 3.2,-1.2 0.3,-0.3 0.6,-0.5 0.9,-0.8 0.1,-0.1 0.3,-0.3 0.4,-0.4 l 0.1,0.2 0.1,0.2 0.5,1.3 v 0 l 0.9,2.4 c 0.2,1.2 0.2,2 -0.4,2.6 0,0 0,0 0,0 z m -1.6,-6 c -0.3,0.3 -0.6,0.5 -0.9,0.8 -0.8,0.5 -1.8,1 -3.1,1 -0.8,0 -1.8,-0.3 -2.5,-1 -0.2,-0.2 -0.4,-0.5 -0.6,-0.8 -0.4,-0.7 -0.6,-1.5 -0.6,-2.7 0,-1.2 0.3,-2.8 1,-4.8 l 1.5,-4 0.9,-2.3 0.3,0.8 0.4,1 v 0 l 4.2,11.5 c -0.3,0.2 -0.4,0.4 -0.6,0.5 z"
   id="path1096"
   style="fill:#000000" />

	</g>

	<g
   id="g1106">
		<path
   class="st0"
   d="m 163.2,269.3 c -0.3,0.7 -0.5,1.3 -0.6,1.9 l 1.8,-5.1 z"
   id="path1100"
   style="fill:#000000" />

		<path
   class="st0"
   d="m 160.1,283 c 0,0 0.7,0.7 1.2,0.7 h -4.7 c 0,0 0.6,0 1.3,-1.3 0.2,-0.3 1.3,-3 1.3,-3 0.7,-1.7 1.6,-3.8 2.4,-5.9 h 0.1 c -0.5,1.2 -0.8,2.4 -1.2,3.6 -0.5,1.8 -0.8,3.3 -0.8,4.5 0,0 0,0 0,0 v 0.1 c -0.1,0.5 0.1,0.9 0.4,1.3 z"
   id="path1102"
   style="fill:#000000" />

		<path
   class="st0"
   d="m 171.6,283 c -0.3,0.4 -0.7,0.6 -1.2,0.6 h 6 c -0.5,-0.1 -0.9,-0.3 -1.3,-0.9 -0.4,-0.5 -0.7,-1.1 -0.9,-1.7 l -7,-19.4 -0.7,-1.9 -0.7,1.9 -0.2,0.4 -0.2,0.6 -0.9,2.5 v 0 l -0.3,0.8 -1.8,5.1 c -0.4,1.5 -0.5,2.7 -0.5,3.6 0.1,0.9 0.3,1.6 0.6,2.1 0.2,0.3 0.3,0.6 0.6,0.8 0.8,0.9 1.9,1.2 2.8,1.2 1.3,0 2.4,-0.5 3.2,-1.2 0.3,-0.3 0.6,-0.5 0.9,-0.8 0.1,-0.1 0.3,-0.3 0.4,-0.4 l 0.1,0.2 0.1,0.2 0.5,1.3 v 0 l 0.9,2.4 c 0.2,1.2 0.2,2 -0.4,2.6 0.1,0 0.1,0 0,0 z m -1.6,-6 c -0.3,0.3 -0.6,0.5 -0.9,0.8 -0.8,0.5 -1.8,1 -3.1,1 -0.8,0 -1.8,-0.3 -2.5,-1 -0.2,-0.2 -0.4,-0.5 -0.6,-0.8 -0.4,-0.7 -0.6,-1.5 -0.6,-2.7 0,-1.2 0.3,-2.8 1,-4.8 l 1.5,-4 0.9,-2.3 0.3,0.8 0.4,1 v 0 l 4.2,11.5 c -0.3,0.2 -0.4,0.4 -0.6,0.5 z"
   id="path1104"
   style="fill:#000000" />

	</g>

</g>
    <g
       id="g1144"
       transform="translate(4.0374217,-116.90085)">
	<path
   class="st0"
   d="m 257.8,251.4 c 0,0.3 -0.5,0.6 -1.5,0.8 -0.9,0.2 -2,0.3 -3.4,0.4 -4.5,2.4 -8.2,6.1 -10.8,10.2 -1.3,2 -2.5,4 -3.6,6 l -3.4,6.3 c -1.3,2.3 -2.4,4.1 -3.5,5.6 -4.2,5.9 -9.9,9.5 -16.6,9.5 -3,0 -5.4,-1 -7.1,-2.9 -1.6,-1.8 -2.4,-4 -2.4,-6.6 0,-2.4 0.6,-4.7 1.8,-7 1.2,-2.3 2.9,-4.2 5.1,-5.7 2.2,-1.5 4.5,-2.3 7.1,-2.3 2.4,0 4.6,0.7 6.5,2 -1.6,-0.7 -3.1,-1 -4.6,-1 -2.5,0 -4.9,0.6 -7.3,1.9 -2.4,1.3 -4.3,3 -5.8,5.3 -1.5,2.3 -2.3,4.7 -2.3,7.3 0,2.3 0.7,4.3 2.1,5.9 1.6,1.8 3.7,2.7 6.2,2.7 2,0 4.3,-0.9 6,-2.1 0.8,-0.6 1.8,-1.3 2.7,-2.2 1,-0.9 1.8,-1.7 2.4,-2.4 0.6,-0.7 1.3,-1.5 2.1,-2.4 0.8,-0.9 1.9,-2.4 3.3,-4.5 1.4,-2.1 2.9,-4.1 4.4,-6.2 1.5,-2.1 3.1,-4.2 4.9,-6.5 1.8,-2.2 3.7,-4.3 5.8,-6.3 2.1,-2 4.2,-3.5 6.2,-4.7 -2.4,0.1 -4.5,0.3 -6.1,0.5 -1.6,0.2 -3.5,0.7 -5.6,1.4 -1.8,0.6 -3.7,1.4 -5.8,2.8 -3,1.9 -5.4,4.6 -5.4,7.9 0,2.1 1.4,3.7 3.6,3.8 v 0.1 c -1.2,0 -2.2,-0.5 -3,-1.3 -0.8,-0.9 -1.2,-2 -1.2,-3.4 0,-2.8 1.5,-5.4 3.7,-7.2 2.3,-1.9 4.9,-3.2 7.7,-4 1,-0.3 2.1,-0.5 3.3,-0.6 1.2,-0.2 2.2,-0.2 2.8,-0.3 0.7,0 1.8,-0.1 3.5,-0.1 1.7,0 2.7,0 3,0 1.5,-0.8 3,-1.3 4.3,-1.3 0.6,0.2 0.9,0.3 0.9,0.6 z"
   id="path1110"
   style="fill:#000000" />

	<path
   class="st0"
   d="m 267.1,261.5 v 0 h 12.3 c 0.9,0 1.8,0.2 2.6,0.5 0.8,0.4 1.5,0.8 2.1,1.4 0.6,0.6 1.1,1.3 1.4,2.1 0.3,0.8 0.5,1.7 0.5,2.6 0,1.5 -0.4,2.9 -1.3,4 -0.9,1.2 -2,2 -3.3,2.4 1.4,0.4 2.5,1.1 3.3,2.1 0.8,1 1.3,2 1.3,3.2 v 2.7 c 0.1,0.6 0.3,1 0.6,1.4 0.3,0.4 0.7,0.5 1.2,0.5 v 0 h -2.7 c -0.5,0 -0.8,-0.2 -0.9,-0.5 -0.1,-0.3 -0.2,-0.8 -0.2,-1.5 v -2.8 c 0,-0.7 -0.2,-1.4 -0.5,-2 -0.3,-0.6 -0.7,-1.1 -1.3,-1.6 -0.5,-0.4 -1.1,-0.8 -1.8,-1 -0.7,-0.3 -1.4,-0.4 -2.2,-0.4 h -7.5 v 7.3 c 0.1,0.7 0.3,1.2 0.6,1.7 0.3,0.5 0.8,0.7 1.3,0.7 v 0 H 267 v 0 c 0.5,0 0.9,-0.2 1.3,-0.7 0.4,-0.5 0.6,-1 0.6,-1.7 v -18.3 c 0,-0.7 -0.2,-1.3 -0.6,-1.7 -0.3,-0.2 -0.7,-0.4 -1.2,-0.4 z m 3.7,12.7 h 8.6 c 0.7,0 1.3,-0.2 1.8,-0.5 0.6,-0.3 1.1,-0.7 1.5,-1.3 0.4,-0.5 0.8,-1.2 1,-1.9 0.2,-0.7 0.4,-1.5 0.4,-2.3 0,-0.8 -0.1,-1.6 -0.4,-2.3 -0.2,-0.7 -0.6,-1.4 -1,-1.9 -0.4,-0.5 -0.9,-1 -1.5,-1.3 -0.6,-0.3 -1.2,-0.5 -1.8,-0.5 h -8.6 z"
   id="path1112"
   style="fill:#000000" />

	<path
   class="st0"
   d="m 297.8,261.4 v 0 c -0.5,0 -0.9,0.3 -1.3,0.7 -0.4,0.5 -0.5,1 -0.5,1.7 v 14.9 c 0,0.7 0.2,1.3 0.5,1.9 0.3,0.6 0.8,1.1 1.4,1.6 0.6,0.4 1.3,0.8 2.1,1 0.8,0.3 1.7,0.4 2.6,0.4 0.9,0 1.8,-0.1 2.7,-0.4 0.9,-0.3 1.6,-0.6 2.3,-1 0.7,-0.4 1.2,-1 1.6,-1.6 0.4,-0.6 0.6,-1.2 0.6,-1.9 l 0.2,-15.5 c -0.1,-0.5 -0.3,-1 -0.7,-1.3 -0.3,-0.4 -0.7,-0.5 -1.1,-0.5 v 0 h 4.8 v 0 c -0.5,0 -0.9,0.2 -1.3,0.7 -0.4,0.5 -0.5,1 -0.5,1.7 v 14.9 c 0,0.8 -0.2,1.6 -0.7,2.3 -0.4,0.7 -1.1,1.3 -1.8,1.8 -0.8,0.5 -1.7,0.9 -2.7,1.2 -1,0.3 -2.1,0.5 -3.3,0.5 -1.2,0 -2.3,-0.2 -3.3,-0.5 -1,-0.3 -1.9,-0.7 -2.7,-1.2 -0.8,-0.5 -1.4,-1.1 -1.8,-1.8 -0.4,-0.7 -0.7,-1.5 -0.7,-2.3 v -14.9 c 0,-0.7 -0.2,-1.3 -0.6,-1.7 -0.4,-0.5 -0.8,-0.7 -1.3,-0.7 v 0 z"
   id="path1114"
   style="fill:#000000" />

	<path
   class="st0"
   d="m 317.9,283.4 v -5.3 h 0.1 c 0,0.7 0.2,1.5 0.7,2.2 0.5,0.7 1.1,1.3 1.9,1.9 0.8,0.5 1.6,1 2.6,1.3 1,0.3 1.9,0.5 2.9,0.5 1,0 1.8,-0.1 2.7,-0.4 0.8,-0.3 1.6,-0.7 2.2,-1.2 0.6,-0.5 1.1,-1.1 1.5,-1.7 0.4,-0.7 0.5,-1.3 0.5,-2.1 0,-0.7 -0.2,-1.4 -0.5,-2 -0.3,-0.6 -0.8,-1.1 -1.5,-1.5 -0.6,-0.4 -1.4,-0.8 -2.2,-1.1 -0.8,-0.3 -1.8,-0.6 -2.7,-0.7 -1.1,-0.2 -2.1,-0.5 -3.1,-0.8 -1,-0.4 -1.8,-0.8 -2.6,-1.3 -0.7,-0.5 -1.3,-1.1 -1.8,-1.8 -0.4,-0.7 -0.7,-1.5 -0.7,-2.3 0,-0.9 0.2,-1.7 0.6,-2.4 0.4,-0.8 1,-1.4 1.7,-2 0.7,-0.6 1.6,-1 2.6,-1.3 1,-0.3 2,-0.5 3.2,-0.5 1,0 1.9,0.2 2.9,0.5 1,0.4 1.9,0.8 2.7,1.4 0.8,0.1 1.3,-0.1 1.3,-0.8 v 0 5.6 h -0.2 c 0,-0.8 -0.2,-1.6 -0.6,-2.3 -0.4,-0.7 -0.9,-1.4 -1.5,-1.9 -0.6,-0.5 -1.4,-1 -2.2,-1.3 -0.8,-0.3 -1.7,-0.5 -2.5,-0.5 -0.8,0 -1.6,0.1 -2.4,0.4 -0.8,0.3 -1.4,0.7 -2,1.2 -0.5,0.5 -1,1.1 -1.3,1.7 -0.3,0.7 -0.5,1.4 -0.5,2.1 0,0.7 0.2,1.4 0.5,2 0.3,0.6 0.8,1.1 1.3,1.6 0.5,0.5 1.2,0.8 1.9,1.2 0.7,0.3 1.5,0.5 2.4,0.7 1.3,0.3 2.5,0.6 3.6,0.9 1.1,0.4 2,0.8 2.8,1.3 0.8,0.5 1.4,1.1 1.8,1.7 0.4,0.7 0.7,1.4 0.7,2.3 0,0.8 -0.2,1.6 -0.7,2.4 -0.5,0.8 -1.1,1.4 -1.9,2 -0.8,0.5 -1.8,1 -2.8,1.3 -1.1,0.3 -2.2,0.5 -3.4,0.5 -1.2,0 -2.4,-0.2 -3.6,-0.6 -1.2,-0.4 -2.3,-0.9 -3.3,-1.5 -0.7,-0.5 -1,-0.2 -1.1,0.6 z"
   id="path1116"
   style="fill:#000000" />

	<path
   class="st0"
   d="m 339.7,284.7 v -0.8 l 14.5,-21.7 h -11.7 c -0.3,0 -0.6,0.1 -0.9,0.2 -0.3,0.1 -0.6,0.3 -0.8,0.4 -0.2,0.2 -0.4,0.4 -0.6,0.6 -0.2,0.2 -0.2,0.5 -0.2,0.7 v 0 l 0.4,-2.7 h 16.1 v 0.8 L 342,283.9 h 12.6 c 0.6,-0.1 1.1,-0.3 1.7,-0.6 0.5,-0.3 0.8,-0.7 0.8,-1.2 v 0 l -0.4,2.6 z"
   id="path1118"
   style="fill:#000000" />

	<path
   class="st0"
   d="m 361.9,284.7 v 0 c 0.5,0 0.9,-0.3 1.3,-0.7 0.3,-0.4 0.5,-1 0.6,-1.6 v -18.5 c -0.1,-0.7 -0.3,-1.2 -0.6,-1.6 -0.3,-0.4 -0.8,-0.7 -1.3,-0.7 v 0 h 16.8 v 2.7 0 c 0,-0.5 -0.2,-0.9 -0.7,-1.3 -0.4,-0.4 -1,-0.6 -1.7,-0.6 h -10.7 v 10.4 h 7.2 c 0.6,-0.1 1.1,-0.3 1.5,-0.6 0.4,-0.4 0.6,-0.8 0.6,-1.3 v 0 4.6 0 c 0,-0.5 -0.2,-0.9 -0.6,-1.3 -0.4,-0.3 -0.9,-0.6 -1.5,-0.6 h -7.2 v 10.5 h 10.8 c 0.6,-0.1 1.1,-0.3 1.5,-0.6 0.4,-0.3 0.6,-0.8 0.6,-1.3 v 0 2.7 h -16.6 z"
   id="path1120"
   style="fill:#000000" />

	<path
   class="st0"
   d="m 381.8,261.1 h 6 v 0 c -0.4,0 -0.7,0.1 -1,0.4 -0.3,0.3 -0.5,0.6 -0.7,1 l 5.9,17.6 5.8,-19.2 6.4,19.2 5.1,-17 c -0.1,-0.6 -0.3,-1.1 -0.6,-1.5 -0.3,-0.4 -0.8,-0.6 -1.2,-0.6 v 0 h 5.2 v 0 c -0.5,0 -1,0.2 -1.5,0.6 -0.5,0.4 -0.9,1 -1.1,1.6 l -6.4,21.2 -6.5,-19.4 -5.7,19.4 -7.2,-21.5 c -0.3,-0.6 -0.7,-1 -1.1,-1.4 -0.5,-0.1 -1,-0.3 -1.4,-0.4 z"
   id="path1122"
   style="fill:#000000" />

	<path
   class="st0"
   d="m 415.8,283.4 v -5.3 h 0.1 c 0,0.7 0.2,1.5 0.7,2.2 0.5,0.7 1.1,1.3 1.9,1.9 0.8,0.5 1.6,1 2.6,1.3 1,0.3 1.9,0.5 2.9,0.5 1,0 1.8,-0.1 2.7,-0.4 0.8,-0.3 1.6,-0.7 2.2,-1.2 0.6,-0.5 1.1,-1.1 1.5,-1.7 0.4,-0.7 0.5,-1.3 0.5,-2.1 0,-0.7 -0.2,-1.4 -0.5,-2 -0.3,-0.6 -0.8,-1.1 -1.5,-1.5 -0.6,-0.4 -1.4,-0.8 -2.2,-1.1 -0.8,-0.3 -1.8,-0.6 -2.7,-0.7 -1.1,-0.2 -2.1,-0.5 -3.1,-0.8 -1,-0.4 -1.8,-0.8 -2.6,-1.3 -0.7,-0.5 -1.3,-1.1 -1.8,-1.8 -0.4,-0.7 -0.7,-1.5 -0.7,-2.3 0,-0.9 0.2,-1.7 0.6,-2.4 0.4,-0.8 1,-1.4 1.7,-2 0.7,-0.6 1.6,-1 2.6,-1.3 1,-0.3 2,-0.5 3.2,-0.5 1,0 1.9,0.2 2.9,0.5 1,0.4 1.9,0.8 2.7,1.4 0.8,0.1 1.3,-0.1 1.3,-0.8 v 0 5.6 h -0.2 c 0,-0.8 -0.2,-1.6 -0.6,-2.3 -0.4,-0.7 -0.9,-1.4 -1.5,-1.9 -0.6,-0.5 -1.4,-1 -2.2,-1.3 -0.8,-0.3 -1.7,-0.5 -2.5,-0.5 -0.8,0 -1.6,0.1 -2.4,0.4 -0.8,0.3 -1.4,0.7 -2,1.2 -0.5,0.5 -1,1.1 -1.3,1.7 -0.3,0.7 -0.5,1.4 -0.5,2.1 0,0.7 0.2,1.4 0.5,2 0.3,0.6 0.8,1.1 1.3,1.6 0.5,0.5 1.2,0.8 1.9,1.2 0.7,0.3 1.5,0.5 2.4,0.7 1.3,0.3 2.5,0.6 3.6,0.9 1.1,0.4 2,0.8 2.8,1.3 0.8,0.5 1.4,1.1 1.8,1.7 0.4,0.7 0.7,1.4 0.7,2.3 0,0.8 -0.2,1.6 -0.7,2.4 -0.5,0.8 -1.1,1.4 -1.9,2 -0.8,0.5 -1.8,1 -2.8,1.3 -1.1,0.3 -2.2,0.5 -3.4,0.5 -1.2,0 -2.4,-0.2 -3.6,-0.6 -1.2,-0.4 -2.3,-0.9 -3.3,-1.5 -0.6,-0.5 -1,-0.2 -1.1,0.6 z"
   id="path1124"
   style="fill:#000000" />

	<path
   class="st0"
   d="m 437.6,261.4 h 5.6 v 0 c -0.5,0 -0.9,0.2 -1.3,0.7 -0.4,0.5 -0.6,1.1 -0.6,1.7 v 8.6 l 12.2,-10.5 c -0.3,-0.4 -0.8,-0.6 -1.2,-0.6 v 0 h 5 v 0 c -0.5,0 -1.1,0.2 -1.9,0.5 -0.7,0.3 -1.4,0.8 -2.1,1.3 l -7.9,6.8 9.2,12.1 c 0.3,0.3 0.5,0.6 0.9,0.9 0.3,0.3 0.7,0.6 1,0.8 0.3,0.2 0.7,0.4 1,0.6 0.3,0.1 0.6,0.2 0.9,0.2 v 0 h -6.7 v 0 c 0.3,0 0.6,-0.1 0.9,-0.3 0.3,-0.2 0.5,-0.5 0.7,-0.8 l -9.2,-12.2 -2.7,2.3 v 8.6 c 0,0.7 0.2,1.3 0.6,1.7 0.4,0.5 0.8,0.7 1.3,0.7 v 0 h -5.6 v 0 c 0.5,0 0.9,-0.2 1.3,-0.7 0.3,-0.4 0.5,-1 0.6,-1.6 v -18.5 c -0.1,-0.7 -0.3,-1.2 -0.6,-1.6 -0.5,-0.4 -0.9,-0.6 -1.4,-0.7 z"
   id="path1126"
   style="fill:#000000" />

	<g
   id="g1134">
		<path
   class="st0"
   d="m 249.8,270.4 c -0.3,0.7 -0.5,1.3 -0.6,1.9 l 1.8,-5.1 z"
   id="path1128"
   style="fill:#000000" />

		<path
   class="st0"
   d="m 246.8,284 c 0,0 0.7,0.7 1.2,0.7 h -4.7 c 0,0 0.6,0 1.3,-1.3 0.2,-0.3 1.3,-3 1.3,-3 0.7,-1.7 1.6,-3.8 2.4,-5.9 h 0.1 c -0.5,1.2 -0.8,2.4 -1.2,3.6 -0.5,1.8 -0.8,3.3 -0.8,4.5 0,0 0,0 0,0 v 0.1 c -0.1,0.6 0.1,1 0.4,1.3 z"
   id="path1130"
   style="fill:#000000" />

		<path
   class="st0"
   d="m 258.3,284.1 c -0.3,0.4 -0.7,0.6 -1.2,0.6 h 6 c -0.5,-0.1 -0.9,-0.3 -1.3,-0.9 -0.4,-0.5 -0.7,-1.1 -0.9,-1.7 l -7,-19.4 -0.7,-1.9 -0.7,1.9 -0.2,0.4 -0.2,0.6 -0.9,2.5 v 0 l -0.3,0.8 -1.8,5.1 c -0.4,1.5 -0.5,2.7 -0.5,3.6 0.1,0.9 0.3,1.6 0.6,2.1 0.2,0.3 0.3,0.6 0.6,0.8 0.8,0.9 1.9,1.2 2.8,1.2 1.3,0 2.4,-0.5 3.2,-1.2 0.3,-0.3 0.6,-0.5 0.9,-0.8 0.1,-0.1 0.3,-0.3 0.4,-0.4 l 0.1,0.2 0.1,0.2 0.5,1.3 v 0 l 0.9,2.4 c 0.2,1.2 0.2,2 -0.4,2.6 0,0 0,0 0,0 z m -1.6,-6 c -0.3,0.3 -0.6,0.5 -0.9,0.8 -0.8,0.5 -1.8,1 -3.1,1 -0.8,0 -1.8,-0.3 -2.5,-1 -0.2,-0.2 -0.4,-0.5 -0.6,-0.8 -0.4,-0.7 -0.6,-1.5 -0.6,-2.7 0,-1.2 0.3,-2.8 1,-4.8 l 1.5,-4 0.9,-2.3 0.3,0.8 0.4,1 v 0 l 4.2,11.5 c -0.3,0.2 -0.4,0.3 -0.6,0.5 z"
   id="path1132"
   style="fill:#000000" />

	</g>

	<g
   id="g1142">
		<path
   class="st0"
   d="m 467.3,270.3 c -0.3,0.7 -0.5,1.3 -0.6,1.9 l 1.8,-5.1 z"
   id="path1136"
   style="fill:#000000" />

		<path
   class="st0"
   d="m 464.3,283.9 c 0,0 0.7,0.7 1.2,0.7 h -4.7 c 0,0 0.6,0 1.3,-1.3 0.2,-0.3 1.3,-3 1.3,-3 0.7,-1.7 1.6,-3.8 2.4,-5.9 h 0.1 c -0.5,1.2 -0.8,2.4 -1.2,3.6 -0.5,1.8 -0.8,3.3 -0.8,4.5 0,0 0,0 0,0 v 0.1 c -0.1,0.6 0,1 0.4,1.3 z"
   id="path1138"
   style="fill:#000000" />

		<path
   class="st0"
   d="m 475.8,284 c -0.3,0.4 -0.7,0.6 -1.2,0.6 h 6 c -0.5,-0.1 -0.9,-0.3 -1.3,-0.9 -0.4,-0.5 -0.7,-1.1 -0.9,-1.7 l -7,-19.4 -0.7,-1.9 -0.7,1.9 -0.2,0.4 -0.2,0.6 -0.9,2.5 v 0 l -0.3,0.8 -1.8,5.1 c -0.4,1.5 -0.5,2.7 -0.5,3.6 0.1,0.9 0.3,1.6 0.6,2.1 0.2,0.3 0.3,0.6 0.6,0.8 0.8,0.9 1.9,1.2 2.8,1.2 1.3,0 2.4,-0.5 3.2,-1.2 0.3,-0.3 0.6,-0.5 0.9,-0.8 0.1,-0.1 0.3,-0.3 0.4,-0.4 l 0.1,0.2 0.1,0.2 0.5,1.3 v 0 l 0.9,2.4 c 0.2,1.2 0.1,2 -0.4,2.6 0,0 0,0 0,0 z m -1.7,-6 c -0.3,0.3 -0.6,0.5 -0.9,0.8 -0.8,0.5 -1.8,1 -3.1,1 -0.8,0 -1.8,-0.3 -2.5,-1 -0.2,-0.2 -0.4,-0.5 -0.6,-0.8 -0.4,-0.7 -0.6,-1.5 -0.6,-2.7 0,-1.2 0.3,-2.8 1,-4.8 l 1.5,-4 0.9,-2.3 0.3,0.8 0.4,1 v 0 l 4.2,11.5 c -0.2,0.2 -0.4,0.3 -0.6,0.5 z"
   id="path1140"
   style="fill:#000000" />

	</g>

</g>
  </g>
</svg>
